lastAccountName: ZERO__2
timestamps:
  login: 1594168684357
  lastteleport: 1594170438917
  logout: 1594170486314
ipAddress: 50.39.108.40
lastlocation:
  world: world
  x: -4.69999998807907
  y: 34.0
  z: 187.5387901474092
  yaw: -48.717285
  pitch: -20.37965
logoutlocation:
  world: world
  x: 341.29305453292716
  y: 64.375
  z: 248.7035243127079
  yaw: -9.322693
  pitch: 55.738476
