lastAccountName: Twimposter
timestamps:
  login: 1594330621633
  logout: 1594331376751
ipAddress: 50.39.106.232
logoutlocation:
  world: world
  x: 342.3960298461846
  y: 63.0
  z: 258.489093198446
  yaw: 116.519775
  pitch: 21.754618
